100
38 18 -63 -65 4 -45 57 -92 29 53 67 -23 -80 -15 58 -13 4 57 70 12 89 -94 78 5 35 -1 99 -85 -58 82 13 81 0 1 66 -97 56 -28 62 -66 -76 28 11 96 64 -82 -68 -83 26 52 29 14 58 6 -82 -7 -95 -83 -42 98 99 72 78 -52 -78 -7 -98 78 66 14 -89 40 -58 -28 -15 56 -10 18 73 -85 -31 2 -21 78 58 -2 -80 13 15 -22 11 -37 100 -62 -38 -79 -18 -86 99 98
28 60 -13 20 -69 73 -25 -28 -10 99 -63 59 -50 17 36 -93 65 56 -29 -71 85 32 -58 84 70 4 -95 -99 -32 54 99 47 -36 -14 -84 -55 -42 -8 17 48 -60 5 -44 -10 72 93 -53 36 -2 18 15 -18 -51 57 -84 70 -89 -79 71 -21 25 70 76 89 -95 93 -66 -37 -66 1 61 -26 56 67 64 27 9 61 -88 -93 -21 27 -61 -22 -16 -45 98 -5 -74 69 24 52 -12 0 -10 -57 -8 -26 -44 26
76 -84 100 31 83 13 -42 -58 -27 -80 -51 2 48 -62 31 82 -6 28 -24 -30 -54 50 72 -16 -51 -38 27 41 36 33 -84 11 49 66 93 -18 -22 -100 -26 2 -80 23 54 68 11 -16 -1 -96 63 75 -75 -92 25 97 -57 24 -42 20 -85 95 -47 -69 -45 52 98 98 84 -75 98 -43 -23 -82 30 -69 36 -59 -35 -65 96 -73 60 -80 87 -66 -83 80 59 -75 -1 74 70 52 55 76 -46 2 73 -63 -22 71
-55 5 39 75 36 -76 66 52 -91 62 79 70 32 15 54 49 -6 -38 25 94 86 -6 -5 41 -31 -1 93 93 37 -30 63 32 76 -49 6 -39 -25 -28 63 -15 84 42 -96 15 -94 58 -86 1 -80 39 -56 56 83 39 -4 -48 -62 -61 95 25 -41 57 -44 85 -93 12 -54 -68 34 -92 17 17 0 -29 -68 7 80 97 58 50 35 -99 5 17 -10 -99 19 -22 91 13 -98 -51 -81 -92 -66 77 -29 -70 60 -96
89 -74 -28 -61 -2 -46 46 -23 -50 -47 -74 85 -46 31 -49 44 -18 21 73 -28 84 75 -28 54 34 6 30 -96 36 -61 59 -26 -34 -70 13 64 -16 -92 -60 34 -39 -84 -32 15 -3 -30 -91 80 91 82 -99 24 6 -27 -23 90 79 58 94 -36 97 53 39 -38 33 -49 76 -83 -40 66 51 21 82 70 87 -21 -61 46 -92 80 -23 -91 3 83 -17 31 73 -89 -62 16 -74 -66 -82 65 -53 52 66 73 69 76
39 -31 -53 -30 89 84 49 -73 29 7 57 -95 17 -90 38 50 41 -40 11 29 77 37 13 45 -49 60 -4 68 33 -86 43 -79 -16 90 -9 -78 23 91 -50 -49 -3 57 -94 64 67 -5 13 -43 55 75 86 -19 -39 -1 -74 13 -92 22 -20 -9 37 73 12 71 13 -97 93 -65 94 93 -63 -10 0 -57 -46 -34 38 17 24 -57 -59 -41 24 3 58 50 66 67 -78 -55 -43 9 68 20 -71 -20 23 72 -34 -34
15 3 6 -86 46 10 -20 -66 -73 54 -23 -82 -87 -100 21 21 1 -14 -63 23 -19 -55 82 -51 65 -90 -21 -63 82 45 3 -4 98 -92 10 -6 19 41 28 -4 -56 55 -36 -43 5 86 29 -95 -79 66 -22 -47 -90 -41 -48 25 -81 31 62 52 -74 -36 -53 74 -77 8 -33 -8 99 95 38 -58 -1 -99 -50 -96 37 79 60 59 -6 -62 -89 -45 -53 -37 80 -33 44 42 -82 20 56 -85 -6 29 -27 61 71 -29
6 8 14 -96 -40 64 59 97 -8 19 55 86 57 16 91 54 29 71 71 -27 -38 39 43 68 55 -64 -53 78 48 -83 -51 -47 26 63 -93 86 -24 67 32 18 -65 -63 -47 42 53 -56 -5 -68 -86 -84 -45 -74 55 98 94 -41 85 91 -63 32 -92 -14 35 -16 99 -8 -81 -76 -92 51 42 -57 88 95 85 -9 -62 -70 23 -98 -54 78 -72 51 25 73 -90 9 13 98 -60 21 -17 25 -96 -69 -83 74 -95 -75
-25 47 -81 -38 -9 54 3 -20 34 -75 -68 80 53 -89 -19 -22 34 -59 87 -54 -62 78 68 -29 -48 22 2 -31 -54 -43 -55 21 54 -36 83 -56 68 -64 -26 2 -89 7 -69 65 -32 12 93 -99 53 29 -53 91 6 65 -39 59 -13 13 78 33 20 -78 -97 -27 -64 36 -32 -96 72 42 -44 84 99 -13 -2 -34 100 -10 -33 2 -82 -35 -57 -25 -71 -46 84 -34 68 61 49 -13 34 52 11 20 -12 79 24 -91
-30 30 93 -31 -83 -10 -15 67 30 3 -32 49 68 11 74 47 66 57 -87 -17 17 12 20 -100 -36 -70 21 2 59 95 11 -71 25 4 -2 42 44 83 -42 -26 -65 26 73 -98 88 46 50 3 -48 13 86 69 -76 -45 20 -62 -64 -60 40 95 85 -99 -77 9 -45 -29 -100 49 -96 -42 -78 -61 85 45 93 22 -60 42 -76 -8 -96 60 -89 -72 -86 31 -83 -50 21 7 96 5 8 69 -86 63 -60 65 12 95
-77 -16 84 58 80 76 -21 -81 -33 -47 12 -29 -88 23 -50 -74 -97 -33 -73 24 74 73 -72 -18 41 93 95 31 8 -44 -25 31 41 -41 -62 20 -66 -33 -11 2 20 -100 23 -18 -27 73 -42 -24 -61 -65 50 -87 -93 79 -55 -1 21 -61 80 -72 -4 -45 9 87 -36 47 -44 -52 64 45 50 -67 46 -27 15 69 96 74 -55 -65 -92 95 -52 67 23 -57 -35 95 -18 -56 -78 28 -51 32 14 -37 -72 70 12 43
15 -89 76 -90 -66 -9 79 -70 -36 74 -35 -78 19 -37 89 -59 6 -97 -65 38 -52 -92 -34 -53 -10 30 11 18 -50 -78 -40 15 -67 -64 25 -32 -23 -47 -2 -9 78 13 13 -4 76 -48 37 -69 -45 23 19 3 31 85 1 -80 -35 62 -12 15 84 49 80 67 35 -46 85 62 7 -68 -48 -16 45 65 80 -30 -84 -33 -49 -28 90 71 25 -30 5 76 -10 20 37 78 85 -30 -24 64 88 61 -83 22 22 -25
55 74 59 -51 -11 -11 -30 -45 6 -29 -23 -55 -59 53 15 -3 28 55 67 -85 -18 52 -65 59 15 -78 -31 -17 45 42 58 -51 -35 -34 -2 4 5 18 60 -90 90 87 -45 81 39 20 -73 -83 -26 95 83 7 46 -83 -85 -90 91 -16 -7 -15 -75 -50 34 -9 17 82 95 -79 -50 4 83 -61 -59 88 70 80 8 98 47 32 42 -21 -62 -13 -3 -47 -53 -63 -12 41 22 13 91 -95 54 -43 87 -1 -71 -64
53 -89 -75 94 99 96 24 -44 43 -30 89 -16 0 77 21 97 -70 68 84 -32 -42 5 31 100 -40 -15 -44 97 34 -65 84 -14 -54 -92 -70 96 54 54 -49 -54 74 90 -20 -27 67 -100 -81 47 19 -98 -86 77 -43 45 76 17 80 83 -36 13 -83 -53 50 -86 -95 30 -91 60 -17 -40 56 -94 -50 -64 -70 67 -64 -51 13 5 -98 -23 -18 -91 -79 -93 -23 52 90 41 -86 58 88 14 72 93 -57 81 2 -24
91 -42 -17 91 -56 -37 57 -20 -38 -81 36 -36 -4 -83 -76 -32 75 1 -81 15 92 -67 -28 79 48 94 21 91 74 74 -83 14 82 -50 5 -75 13 -39 5 75 -19 91 90 27 58 -87 95 33 14 -87 -53 -45 98 -31 -67 45 -38 4 -15 86 -23 2 -1 -42 52 -97 -67 -86 -85 -11 90 -54 -21 79 73 -63 92 18 70 -45 31 67 10 -22 86 -7 73 -53 47 -42 -68 75 10 -19 83 -88 -65 -84 -74 -50
5 -85 -4 84 94 -82 -80 35 36 40 40 -83 -44 100 -5 -59 -8 -32 -62 90 -24 -30 64 86 2 46 98 37 12 -76 87 -84 90 -68 51 34 -50 71 -32 37 -39 59 54 -33 58 99 9 -100 -84 47 90 -8 68 3 -72 -31 -52 -75 -95 11 100 42 27 90 24 -23 23 74 99 41 -40 -91 -1 64 -24 -93 63 35 -93 29 -18 97 -79 100 -1 100 -32 -3 -76 -77 -93 75 15 -15 14 -62 12 87 62 -40
27 -78 -31 77 86 -4 84 -2 -70 91 -73 -38 37 99 -39 86 98 -21 -18 72 2 -60 46 67 -25 -91 -96 37 96 17 98 23 39 -84 -51 -26 12 -68 23 -7 73 50 55 9 -2 -84 -56 -5 -5 -24 -34 48 16 63 14 41 72 -31 -22 68 86 -25 -60 -26 -9 -11 -2 54 -29 -80 -54 94 20 -100 2 -83 67 -4 12 -88 72 29 10 -62 -59 74 79 63 -58 -44 -20 -73 -19 20 -49 23 59 50 -74 80
70 -28 73 -10 -78 -76 -43 40 20 20 2 -8 -52 -89 30 -61 85 -42 -99 -73 -35 -18 -96 46 52 -44 -82 -39 56 -56 -60 25 -34 64 65 -61 88 -78 79 8 -8 -20 50 40 -9 -21 29 -75 -13 30 -48 52 62 -93 -2 -36 -87 -34 -25 69 -39 -35 -57 27 -72 59 66 67 81 -6 -76 -78 74 74 62 -86 -98 -60 -60 -11 20 -58 -59 -18 100 -11 -4 -88 55 71 81 -85 86 75 -7 -86 33 -42 81 -37
3 -96 -15 -24 28 97 -59 30 -64 -69 69 56 -77 -91 88 -77 -52 -67 -65 54 54 67 19 40 41 -89 54 -77 -80 -16 -14 23 -62 71 49 66 17 40 -5 53 71 -87 -42 95 -77 97 -83 -29 -71 -48 75 84 69 -6 23 9 5 -74 -18 -25 10 68 98 48 -12 -3 -37 -96 -64 8 7 -93 21 16 52 44 12 69 66 41 71 -10 -26 40 84 97 99 -61 73 -19 14 -68 99 -38 80 -13 59 93 -59 95
0 -1 52 -79 -86 3 15 26 -79 -70 -84 93 21 -9 -18 4 -63 -20 43 -90 11 -93 -58 -40 -31 73 -3 -73 65 -12 72 -35 87 24 -64 -100 77 1 -24 99 32 -7 91 -98 34 -28 -44 71 2 50 81 64 57 -77 -77 -75 46 -30 -98 10 58 74 25 45 -53 11 -5 -76 -88 22 -78 -6 -86 63 -4 -2 85 2 -32 -64 -49 -51 50 -93 -78 23 83 68 93 85 -73 51 59 53 -5 56 -87 40 80 -75
-39 52 -31 -75 -36 15 23 -52 -83 92 -65 -32 91 85 -74 63 8 -92 30 0 94 57 -50 2 -41 -5 -93 -77 86 88 -52 -54 -11 -32 -78 54 83 -5 52 100 -64 37 -82 -74 22 -56 89 80 -48 -32 -21 96 76 -20 -53 85 25 -45 -93 10 93 -94 7 -19 -26 29 85 -44 74 -13 -94 -90 -77 -76 -64 45 -32 76 -26 -30 94 54 -34 69 84 -37 4 8 18 11 69 10 -33 -25 42 41 54 -24 48 -23
63 54 -13 37 78 24 -69 -55 -51 6 -35 -58 -41 31 62 93 45 -35 -50 -38 26 -82 23 94 -57 -86 34 47 -10 -19 -76 -97 85 11 40 62 85 71 57 84 -24 -78 77 -15 3 38 -23 -53 53 28 -40 -22 -4 33 -29 -10 47 56 -64 -64 87 -90 -61 72 -28 29 33 -94 0 -60 91 26 -88 67 -89 15 4 -62 13 -94 16 73 -16 63 5 56 -48 -99 11 -62 88 -3 100 -73 -82 -29 6 2 -23 -95
42 -33 -18 54 84 -57 -82 -63 -19 -19 -57 48 -47 28 10 8 -67 12 -41 44 50 -53 91 49 -76 60 -81 30 -39 -53 -14 -98 -36 68 6 -52 -90 -26 -15 -59 56 29 89 59 -94 -2 -83 -61 -91 -24 33 10 23 -27 -42 47 -68 -72 -73 -7 -75 13 -55 -11 -70 51 37 -60 -75 -78 -69 31 1 -80 -11 7 -32 6 -4 -72 83 -72 38 5 1 46 -98 34 24 -71 -74 49 42 -78 89 22 73 25 62 48
-3 93 -22 48 63 18 -46 -69 -77 0 -91 56 28 47 -89 80 -58 -87 13 67 93 -11 -35 -16 11 -47 -95 -66 29 67 32 -75 9 61 24 -28 -22 78 -47 -49 -72 -38 -93 56 59 -82 35 -100 -69 98 17 -77 -13 33 7 48 36 -38 32 -36 -72 -36 -60 -13 -76 64 9 -48 -9 12 3 19 74 -40 -75 -18 -22 60 -67 -41 8 50 -68 95 -68 -11 -8 69 51 -76 83 29 -62 73 -84 -88 36 -25 -36 78
88 17 -54 11 78 -29 94 -95 82 -74 -35 -11 26 -53 -67 59 37 -25 -23 -13 -1 -91 67 -13 83 83 -1 -32 -93 63 96 95 -70 -58 6 58 -37 -51 63 95 -25 -73 -67 51 -25 -84 -41 62 -8 36 99 41 -4 65 -72 -22 -3 27 -4 5 -60 -8 -1 -80 34 55 78 47 -97 40 -8 -72 18 25 30 43 42 89 4 84 25 2 24 -80 -83 2 -52 14 80 44 -82 -81 -65 -32 90 19 73 67 -84 27
6 8 5 -77 -68 -66 66 24 -77 -81 7 -2 22 -69 -32 39 -17 -34 -98 -38 -91 72 -69 96 90 -80 -36 62 87 -20 -62 -57 88 44 -84 71 28 33 -6 51 52 -99 99 -77 83 -84 12 -35 -18 15 28 -8 -14 9 -63 -75 30 1 37 -34 82 76 9 19 -31 -24 -11 97 -92 34 -2 60 -15 -54 84 -33 -37 -5 -18 45 60 60 87 -55 -31 -77 -80 49 -25 58 -86 -94 33 -26 25 52 50 65 48 58
-2 96 17 33 -58 -50 100 -45 46 -19 100 5 92 37 1 -40 10 -29 -92 85 -72 73 91 61 -54 -34 -38 46 81 -90 3 -72 56 71 61 48 71 60 -98 -34 91 -98 72 82 -11 -78 92 99 -7 100 34 -28 23 -26 83 69 40 -55 -35 20 -95 68 48 61 -12 -42 9 -41 -83 11 25 59 -37 -54 -10 52 -82 -18 1 -38 -69 -66 34 54 -42 16 -27 99 61 38 -32 16 -45 67 -23 -6 -76 86 3 93
-54 78 51 -40 -76 91 62 93 -28 -38 -96 4 -54 -12 -93 5 55 -20 -47 -35 68 -29 82 -77 88 -42 17 -88 94 -81 55 90 97 -45 -51 71 -55 -89 14 -32 -77 18 72 -80 57 29 -25 11 -91 28 76 77 49 57 50 37 -86 -84 -1 58 86 -47 48 33 -42 97 -47 3 -93 67 71 82 -65 -8 -99 92 -79 -24 2 81 54 -23 7 2 85 -93 89 99 -77 -13 7 60 -10 -46 -8 -2 -50 45 52 -92
-38 -28 90 -3 65 41 -62 36 -84 -10 -34 70 17 23 -79 1 30 61 -50 4 98 57 -37 -12 -90 5 36 -40 -51 -13 -82 -39 60 58 58 -26 -2 46 60 14 -65 -75 -67 53 -2 -95 -47 -72 66 3 -18 63 -41 -5 -100 -81 100 37 -20 -52 -77 -52 -40 33 -94 -83 -94 4 14 66 69 49 41 -99 -49 -61 -94 5 -83 72 58 -51 35 68 44 -15 87 43 -79 -84 41 96 -35 -100 28 -29 69 -15 25 -18
-100 -7 81 -8 -5 -68 -19 -49 -13 -52 -77 95 -3 8 62 -60 43 49 33 65 15 -27 10 80 -76 88 -100 43 -78 26 75 -77 -82 55 -35 -37 37 46 15 -77 94 -12 -82 -10 46 30 -20 -12 -72 -88 -98 44 -65 12 23 -41 -50 24 52 -28 100 26 -5 -83 -19 60 -19 68 -45 96 92 -52 -17 60 38 79 -61 68 -34 -32 80 -31 -89 66 31 34 75 81 -93 27 -47 -94 -48 -2 75 -17 -92 -45 -49 -37
-100 93 12 -67 52 100 -89 91 68 -23 -92 -3 -4 -81 -38 -73 4 -63 58 11 64 -90 -32 -85 9 -58 -1 -33 -53 50 30 -53 42 92 -20 -57 92 -59 84 9 18 93 -95 65 62 -32 92 -35 5 49 27 -82 10 45 -67 69 87 -18 -65 84 82 65 -70 -27 57 -40 -34 -2 1 -50 -94 69 93 62 33 54 -71 -26 70 -16 74 -54 2 -17 91 -14 -49 27 68 -64 10 0 -100 -10 73 7 50 -61 55 -100
-61 11 69 82 -27 -48 -15 -48 26 -46 37 -1 -50 89 32 -60 -26 33 67 93 69 -24 -8 20 16 -86 77 -35 -97 -18 -85 -58 93 35 74 -85 87 -41 -32 12 -37 55 62 14 43 -57 54 68 77 -29 10 -5 -3 52 65 -87 66 42 -72 70 74 -56 62 66 29 36 82 15 45 100 77 58 54 38 -29 -54 32 76 64 -42 97 -27 53 -7 -76 -32 -44 41 60 -15 -40 33 -21 -79 -2 -93 7 -71 -28 -49
-72 -52 60 32 87 -70 79 -32 56 42 26 52 66 -72 -55 40 -4 -49 -20 -45 36 40 38 65 12 -64 22 69 -85 94 71 -56 -58 30 76 79 60 4 -54 -34 97 22 -83 62 50 -88 1 -54 -36 32 -49 50 -79 90 15 33 76 87 -48 41 81 -78 35 73 52 -39 51 11 65 47 27 61 -32 45 -28 -83 57 24 -87 71 -95 -85 21 -74 55 86 10 -20 72 62 -80 2 84 56 -26 -15 -84 75 46 31
21 -27 -8 89 -83 14 57 24 88 20 -5 93 35 -85 -81 -61 -100 -21 19 22 91 40 -76 24 -55 -2 -92 -39 -27 54 92 44 -74 -67 33 -57 -2 -61 68 -15 59 -88 -22 -56 -73 -53 -17 78 -24 53 -1 -34 -58 -27 90 -13 22 98 -2 45 1 -61 -12 28 -77 71 21 21 -91 -12 56 19 -50 -67 63 -23 -70 96 -96 6 48 -46 22 40 27 11 -74 -52 -42 -26 43 60 14 -69 -63 -13 -99 58 58 62
97 13 -20 -54 47 93 24 27 38 -22 84 -64 32 5 76 -41 67 53 -43 -76 -74 -100 34 -10 82 71 27 33 -21 -16 -6 -25 98 24 21 -6 -34 95 -80 -96 -27 -97 91 -96 9 66 -87 -25 -32 -79 -51 -5 72 34 35 53 -46 -88 -15 33 -4 30 -93 -7 -97 29 87 -30 23 58 -76 96 61 -86 51 -81 80 64 -56 -52 35 -56 -7 6 78 78 -42 82 90 -6 15 -64 -77 -28 29 -74 -100 -34 -54 -26
-77 -30 -81 34 -16 20 4 -86 -66 48 -88 69 92 -45 -25 19 83 -17 1 73 77 66 59 50 -63 -63 27 89 3 73 -88 -24 94 -69 61 -23 52 -36 -59 36 62 -47 4 4 8 79 73 -9 -88 -77 -87 39 89 72 -11 -74 -92 66 65 -38 -12 77 -12 -19 -93 -52 9 9 -38 50 -56 75 -97 49 -72 -39 -23 -100 2 -61 -76 -35 79 63 -64 -83 89 96 33 53 -93 -80 29 -55 -48 -13 -56 61 46 -44
10 41 -70 -37 -11 -42 -25 16 -91 77 6 84 -58 -16 46 -72 -49 -15 74 84 -63 31 -97 17 77 -45 54 -80 66 -1 -24 -74 -61 -43 -61 -22 -35 14 45 -26 -59 -50 -43 -67 -16 -97 -89 35 -12 86 -32 -25 -34 -79 42 93 -73 -55 -88 93 45 -61 -82 34 -4 -92 63 11 22 -43 86 13 -43 93 46 41 46 58 -75 84 -7 -57 -91 59 -36 51 52 -9 97 14 -66 -9 3 -48 75 49 -90 37 -40 33
94 -55 -55 -50 88 42 41 34 -1 16 17 42 59 -24 0 -77 -73 -99 -36 74 -34 -2 -36 69 1 -62 18 11 26 78 94 -31 73 -61 20 60 31 -90 -57 -71 27 11 71 -65 87 -80 -92 64 73 -27 37 -62 21 51 -94 -79 40 -26 -17 -35 -99 -24 34 74 -35 -97 -16 96 -86 -23 75 -9 88 -5 26 25 16 -15 -12 -62 8 76 -24 -72 26 -68 -100 -35 7 -17 -20 8 9 -86 -68 25 68 16 -30 82
93 -55 -78 31 40 -1 -95 -95 84 -7 -57 -9 -32 -31 -31 95 2 -31 -91 -92 2 -10 -34 62 -46 -2 -14 -79 64 56 54 7 51 76 -63 -59 -76 -58 -54 58 -15 -60 99 4 9 -32 -2 61 -13 -43 19 40 47 86 1 -100 -67 87 73 98 -8 26 -46 -57 -49 -59 -16 -24 -67 -20 84 18 -30 83 -79 30 -100 -31 -10 -13 27 60 -74 -77 45 -23 75 28 -87 47 -25 6 -78 29 -1 -27 70 33 -1 -98
63 -17 -29 -67 -35 -8 13 -35 12 -98 2 89 12 -21 62 -44 56 36 35 70 -68 -91 -25 -46 39 24 -22 -42 -44 77 -39 -82 -91 32 -49 -76 74 14 -61 -15 17 42 -77 -72 -80 86 -65 26 21 20 -5 4 29 20 8 -83 -57 86 -24 -1 13 -13 -32 22 -82 -31 -3 42 84 36 -73 -50 -73 -50 -22 98 86 -37 24 7 83 -82 61 -38 -11 -32 -21 32 -46 5 82 67 92 100 -62 60 -32 35 2 -49
-29 -21 1 -2 -21 30 -54 -35 43 70 22 -24 38 -18 38 -74 50 67 9 -97 -28 -60 20 -87 -61 9 74 7 -57 -25 9 -36 54 -91 13 -68 -11 59 -3 -68 28 -82 8 -85 0 96 -58 -100 62 1 -97 84 -9 -26 98 30 83 71 87 76 96 -5 -60 49 -45 53 31 44 -39 79 76 39 97 -67 54 -53 -72 46 -53 41 97 -100 24 -13 -76 -29 -84 -94 -59 54 83 87 99 73 35 -47 -25 -84 98 36
95 23 -76 91 57 78 88 85 -26 85 25 -30 36 100 58 60 -30 24 17 -38 -23 -51 -52 -24 -79 34 -21 -54 50 -24 32 44 100 56 -16 6 33 -78 -60 57 -94 16 -73 -8 15 85 -48 35 8 19 97 36 68 96 62 39 29 -60 35 -72 -33 -34 72 -84 -79 -95 22 4 -73 12 -39 85 -73 -12 -24 42 -78 -22 -73 -20 97 -77 -85 14 69 27 -98 -53 18 37 -25 85 -98 97 -100 -77 53 -28 -22 80
84 39 64 62 77 91 3 99 -32 -20 -22 -35 4 -56 29 -78 21 32 -30 -62 -32 -5 73 -79 -58 23 -56 95 95 -28 74 29 -90 -12 -10 37 -22 43 35 -4 -77 64 11 -23 58 -60 -1 -22 22 19 17 90 65 -11 -90 -94 -88 -95 -100 57 -73 24 -65 -62 62 25 25 90 -82 -40 -14 -59 -77 47 -32 81 87 17 -92 -42 87 25 99 51 65 59 57 27 64 7 -67 92 81 -31 80 -7 44 4 -18 62
14 18 53 -13 -35 71 -83 -99 -12 -74 -90 -26 1 -92 -76 -85 67 31 -8 -19 88 26 -78 68 45 52 -90 -12 -95 -57 -100 20 61 3 57 76 -26 75 28 62 51 38 86 -99 -4 -91 -83 -38 -10 9 43 -23 85 65 95 29 -34 56 -83 -28 99 -83 92 59 -30 -2 -15 44 -28 63 5 73 -50 -10 75 46 -51 92 -93 -11 -50 1 16 -65 -85 11 64 -18 -34 31 54 -86 -2 -5 73 69 93 -93 12 -85
70 -83 88 -81 -43 12 15 -43 3 23 46 4 74 -38 39 89 23 -48 -80 39 84 24 53 -19 -82 -25 -51 62 -17 62 27 -98 29 -36 73 36 77 -13 93 -21 -91 -11 83 33 51 -29 22 -77 24 42 62 7 -34 14 88 -66 39 -63 46 72 49 -28 75 -23 37 47 63 13 -67 56 42 94 95 -25 26 45 46 98 68 -81 -10 -21 26 6 43 -36 40 -19 -49 -14 -47 50 8 78 -74 -56 -26 39 7 -43
-6 -51 -100 -62 -26 -23 83 70 -26 0 90 14 29 -35 -81 -29 29 10 3 30 46 6 -21 -47 -17 -45 -52 57 95 55 -87 -62 54 65 -23 78 -59 -91 48 15 10 37 -71 -62 -99 99 -40 -19 8 63 -90 -47 -32 -10 7 1 45 5 -93 -11 -41 71 28 64 35 55 41 76 64 -12 -9 -77 75 -30 -88 77 -32 -28 -43 27 85 -33 80 -98 7 -64 3 -98 41 10 -9 51 -20 69 14 -85 23 -96 91 -13
-57 -69 -40 -83 -49 -28 94 -30 44 -100 97 -22 -82 26 -20 25 63 83 -23 3 -58 69 -47 23 -13 67 -12 -90 22 -72 -53 65 -40 7 82 -39 30 76 31 -77 26 -23 2 44 -97 82 -31 66 15 -4 -32 57 -86 22 -71 2 -62 17 -38 10 46 -41 -26 56 16 -44 -84 -55 82 48 -31 7 -76 71 -99 -73 52 -30 43 -34 16 -89 74 31 -17 -98 -68 -29 20 -6 82 -35 53 -45 -80 -82 -39 -64 -36 93
34 33 -50 9 3 -49 -14 -96 -29 -71 -79 87 -60 95 17 -27 97 49 44 -34 93 -25 -19 -5 -19 -49 14 42 -62 28 -15 72 -40 35 -70 13 86 17 -33 -94 46 -12 93 36 -68 10 59 80 -92 2 96 52 28 -23 -54 -92 28 10 50 66 -63 85 -12 -53 19 18 60 -46 85 78 -40 30 -85 -47 -85 -52 13 74 78 21 -74 73 -78 54 100 -31 62 28 29 -39 -57 67 -54 -19 -87 15 100 24 70 84
1 -71 -36 16 -68 -21 14 45 -47 -59 -84 -21 -86 -62 -68 -87 -43 44 -9 37 -96 35 3 -50 -85 -34 16 65 40 -15 -1 91 -36 63 7 -3 92 71 92 95 -88 58 -77 77 47 -45 40 54 49 82 -10 54 -34 43 54 -19 -91 -31 97 -1 54 -55 -10 69 58 47 -85 49 -33 57 44 -21 15 67 -95 -89 73 -4 65 21 -23 -95 -76 43 48 29 74 7 98 70 -94 2 65 -54 -30 22 93 -65 -79 -41
92 65 -11 -44 -19 -56 -33 -97 40 83 -25 -84 88 -51 59 35 78 -17 93 76 -98 99 -73 68 -56 -3 -11 87 32 10 -55 -27 -76 -16 30 -44 29 97 -41 -32 79 -16 -65 16 34 44 -99 11 -74 94 -64 -71 92 -37 97 86 10 -65 72 92 -4 67 -35 20 -99 95 26 30 41 36 48 -30 -81 33 86 3 -23 87 -86 -47 30 -100 -18 -29 -36 -72 -44 74 -86 78 66 10 -5 81 80 -4 75 6 76 -35
-59 -27 35 -40 -94 -29 64 -67 -43 28 -14 38 28 19 -92 42 47 -85 16 11 93 -69 -80 -63 -89 -100 -17 36 6 -42 -100 -3 32 -14 57 38 57 -30 21 64 48 -94 1 -74 25 10 68 -78 25 -17 33 -33 -36 4 -45 -75 4 38 61 60 97 12 -44 -22 48 63 66 4 84 -14 -83 31 -8 -31 7 68 79 -25 40 -47 58 -78 -30 73 26 25 98 80 -37 9 -11 -91 71 -5 -13 18 -92 -48 72 92
-12 39 -28 30 -93 80 -53 36 -46 87 89 62 60 -91 34 -15 34 -18 -85 47 91 -46 56 11 50 93 79 58 95 50 -1 -18 -62 71 63 -54 50 -91 82 54 47 21 -34 6 30 50 41 -87 -69 56 61 72 -90 -34 -18 10 -91 -40 -33 54 60 66 87 99 -14 49 95 87 58 76 40 4 -54 56 60 76 6 1 40 37 -44 -50 9 -84 -34 41 -24 -25 -99 43 -71 11 -42 -85 -41 -5 14 -47 -19 -79
80 71 26 -75 27 -65 52 -68 36 -9 19 43 41 78 9 57 19 86 -68 -30 -22 -89 31 -13 77 91 82 -10 -57 -38 11 -78 83 87 -52 9 -78 50 -9 8 -60 -90 -50 31 38 60 -13 -44 45 -31 -24 -78 -70 -93 9 -94 98 -10 -54 91 2 8 64 -15 -6 -89 44 -34 11 -65 75 51 96 -76 -69 33 34 18 40 -22 38 -85 -49 68 73 10 25 20 51 71 11 -48 -22 -26 -13 23 -65 82 39 46
-84 -37 -54 62 -62 -23 -6 72 45 84 -100 -18 100 -49 -100 22 11 25 -58 -39 -55 53 -36 -26 77 1 47 62 -18 -15 7 -52 -1 3 -91 37 80 -46 -42 -26 -63 -42 7 87 -41 7 -41 71 82 1 -69 -74 -97 -55 0 30 47 97 -9 -72 -18 98 -23 31 0 -64 -33 -71 -10 -25 3 -22 34 -91 -86 43 -34 -27 13 -53 24 -5 -76 27 40 -26 -94 -64 -29 -3 -35 3 -56 -8 -67 -6 28 0 23 69
75 77 97 -42 36 61 -99 -98 -66 -36 100 8 9 -77 86 100 -2 92 -65 69 -11 -50 -29 33 42 4 -73 -80 54 0 39 -22 -74 -15 -13 63 -55 -62 15 -71 2 14 38 -89 -12 23 61 86 14 96 4 53 -54 25 -14 38 79 -37 8 32 13 97 60 40 -19 -54 -48 27 -66 67 56 37 -70 -57 -2 18 66 -42 -47 -70 -97 7 83 -51 -69 -82 38 -91 -69 96 -9 45 93 -99 -66 -27 98 -14 100 -68
-98 6 19 -68 49 -84 1 -35 -76 4 -55 -73 62 78 -73 93 47 65 53 78 60 -57 -28 52 -56 -44 76 93 42 25 -76 -6 -70 43 27 30 9 78 45 33 -69 90 60 93 17 87 86 -37 1 -12 92 -89 31 -87 13 26 -30 -12 -32 62 64 -8 -44 94 -66 33 -27 43 10 -83 -75 41 57 85 34 -26 22 -31 -13 73 57 -72 34 -63 93 98 13 -38 -65 81 74 99 -78 -71 93 -44 62 -85 49 -79
-67 24 63 90 9 -54 -87 81 -35 -49 3 72 -71 88 -92 -79 85 -28 -67 -81 -98 -93 -82 -75 -64 61 -69 49 76 81 70 59 4 -18 -1 63 -22 -38 -7 43 -37 47 14 -7 34 -27 -36 18 -5 -2 -13 -3 -45 -45 22 -59 66 54 90 42 -16 10 -50 38 92 49 -49 -30 -89 -6 63 -26 91 -73 17 24 -50 82 92 45 -71 -71 92 -66 -16 -36 -25 -50 68 -85 42 -49 25 92 39 -34 41 40 -14 2
85 100 26 75 -74 -57 -51 -74 75 -60 21 54 -31 12 88 4 76 -88 54 43 -73 -55 44 2 -64 -67 19 27 23 -96 79 7 -97 5 -18 80 -2 31 -95 -28 21 26 76 41 89 63 -56 14 25 48 -93 3 93 1 55 79 34 -27 6 -93 -72 -66 14 82 39 46 62 -64 -74 17 -42 48 94 -67 -62 82 46 -18 -55 -79 -71 -48 24 72 54 -72 50 -63 2 -95 -56 30 -60 9 -39 29 -46 -78 16 -69
-10 24 29 -17 8 67 -86 -47 -52 -91 -76 -73 -38 -2 49 66 27 -2 -98 -72 -46 98 8 -56 6 69 73 60 42 -62 41 82 63 -31 -86 -30 -65 -72 -27 -67 -63 -2 -40 -51 96 -92 -86 -28 -43 -83 -50 -39 -86 58 5 -30 -23 -73 80 69 -34 21 50 79 90 64 -52 -75 42 -29 -42 29 19 -31 79 -35 -73 93 37 -16 60 88 45 24 -5 100 94 22 -73 74 -10 -57 -6 -61 -79 -67 53 -81 -42 -6
-10 -33 74 60 36 52 -76 63 -6 61 98 -96 -2 -8 28 94 -8 -28 15 19 96 56 62 -61 45 33 -28 -2 52 -19 42 92 48 15 51 -67 -84 75 46 11 -14 -7 -35 34 86 93 -23 -23 -86 93 96 -91 -2 7 -52 -58 -61 -29 -10 41 52 -68 32 -51 -3 -67 -68 -36 58 28 75 94 -79 90 28 -94 82 -96 -17 47 47 -72 56 -56 -15 55 -63 -26 76 27 -86 -23 9 -4 -24 -94 -21 8 -30 -63
86 95 81 -94 84 8 -88 15 -37 -55 -89 60 -77 18 55 -42 -78 92 32 98 18 -4 -26 78 43 0 84 -79 -93 -97 -92 93 48 90 50 -19 -53 12 46 -40 8 58 -80 31 -25 75 90 -3 16 -29 -56 84 18 -32 61 -40 68 -6 -69 25 -3 91 -33 95 30 -84 -75 27 29 22 88 -64 -21 -93 17 4 32 -44 51 -53 -22 95 81 96 -38 42 -95 80 -65 -64 4 -17 77 71 -73 6 88 -47 -67 -34
75 71 -48 -97 78 69 -43 -41 -75 -93 -44 -47 52 -64 -52 64 28 -47 43 64 -61 -54 -54 -84 -84 -77 -28 54 -24 -45 -81 -100 -75 -29 54 53 91 -90 -89 66 68 -83 -82 19 -96 -34 -68 32 -31 75 -5 8 71 -9 -26 88 15 47 41 41 52 11 42 78 32 -55 30 22 -44 -8 -13 74 -41 5 -7 -37 71 -25 96 -61 -50 -60 -2 -80 32 72 58 97 -32 -51 37 -80 60 -72 48 -59 -26 -23 64 -20
19 -50 -47 79 6 -4 -59 -74 72 87 -84 -79 -73 14 92 9 -65 50 5 4 49 92 -26 -42 -80 -79 -1 -56 -52 -38 24 18 -37 77 -4 69 -77 -13 95 95 -76 -90 66 -49 -26 57 10 10 -44 65 -87 -96 56 -63 -88 26 -42 12 70 -44 24 -57 74 87 71 -81 5 94 -43 0 88 -19 -40 3 32 35 -41 92 -56 -34 56 -93 -80 -39 -56 -67 88 -48 -5 7 -42 -82 1 -68 56 -29 -99 -40 -86 -42
10 52 39 21 -46 -80 -45 -37 -89 -51 29 17 -44 0 79 -50 33 66 -48 78 -78 10 96 23 -8 1 44 -56 62 58 2 -79 9 92 42 13 -89 47 77 74 46 -45 -60 -99 55 -82 -99 -63 34 -97 -86 57 -36 -90 -71 56 11 74 50 -78 31 -48 95 91 94 -14 3 -96 -67 -71 28 79 -15 19 31 90 37 -18 -73 -79 -14 -59 78 50 -99 57 -45 -37 30 -95 -65 -89 -93 -71 -99 -100 -34 -46 55 -1
-66 -67 -73 -31 52 8 -42 -62 41 -65 -41 77 -23 87 -24 -72 44 -19 -9 -27 -14 27 -16 -57 6 -65 94 72 -60 49 -80 -26 32 99 -7 -17 -44 51 -29 97 87 31 73 -87 17 99 -59 -40 -20 -17 34 66 -91 68 60 -35 54 53 -63 94 -49 -43 -33 33 -95 60 66 -38 -40 -63 -42 97 68 82 60 -16 80 -99 -5 -91 -16 79 76 -57 46 -15 8 -1 88 45 -58 -61 53 -41 72 8 69 38 70 -71
75 79 76 -8 10 36 26 -61 37 -80 -51 71 99 75 -87 -5 -41 -29 44 -54 67 87 -65 19 96 58 -74 65 -55 47 44 -81 25 19 -39 -66 -46 87 -77 41 58 -28 -39 56 -54 -26 -100 5 -4 45 2 -38 -19 -13 81 -24 -56 57 91 -11 -47 34 -42 78 -47 19 62 -43 -44 86 99 -87 -43 -41 19 -46 -16 20 9 30 -86 -90 92 -55 -2 22 -29 42 -72 -38 82 -18 96 -61 -41 99 9 72 -44 65
57 -96 78 64 -87 -4 -83 -53 66 -23 77 80 -13 68 75 35 -11 -54 -73 18 -42 -92 50 -47 98 -92 -98 6 30 -42 -30 -64 -88 98 -100 -75 -56 68 -77 -91 -56 100 40 -18 18 14 67 57 10 94 -76 68 52 74 -79 50 83 74 -45 -38 -69 -24 -1 94 -27 -51 -82 -33 67 -59 -23 62 92 -84 -57 9 -20 -91 -35 91 54 -10 58 5 -37 29 -96 96 2 -90 -42 -17 -14 7 -24 9 56 -55 77 22
-64 -97 -17 -73 70 -24 -14 -51 -64 52 90 90 92 48 -56 -46 -74 -51 -100 29 -41 -92 62 -5 15 -62 -97 -80 -67 30 -8 -31 33 76 -53 2 -99 33 2 -63 -66 -9 77 -75 -62 -79 -70 -85 -80 81 44 -71 89 -45 24 -47 -57 -23 -77 -24 58 15 -4 -10 -10 -7 43 -58 76 -56 -21 -90 -15 -44 86 24 -73 66 -11 -53 46 -68 -74 -16 -63 0 37 -19 77 10 57 -16 -75 -98 25 -35 -5 -33 7 -29
-39 37 -69 46 93 -84 -81 70 83 8 67 -22 -10 93 63 28 -8 -51 59 -82 60 -35 3 85 -32 78 -51 13 -56 57 34 -45 -7 65 51 -65 32 21 55 14 79 21 92 -31 -37 4 47 5 54 5 -27 13 20 26 -53 88 3 -54 -49 -3 53 85 52 96 50 -47 -70 -19 74 35 45 52 -95 -14 71 -32 91 -33 23 44 22 97 -94 -58 22 -97 80 -75 -51 -70 22 -98 -85 -76 98 65 -73 79 96 -100
13 40 2 19 -75 -77 37 -85 -10 -40 9 63 -44 -35 -96 78 -32 84 53 -32 -86 -75 -30 80 -51 -33 -6 -74 96 -11 -74 9 79 -22 78 -97 1 14 70 42 24 -72 4 80 -56 8 8 12 -59 -40 80 -95 -15 100 85 -16 -83 -72 10 -88 17 -14 -29 -5 15 -52 -51 66 13 69 7 -64 47 61 67 91 -32 -26 3 -40 -16 -68 -85 20 83 51 54 100 79 -86 62 -4 -50 -67 41 65 -69 40 31 -6
8 88 -19 -95 49 -53 96 67 -29 -52 -74 5 -19 -58 -76 -87 93 29 -88 21 43 24 -84 93 57 8 58 39 98 -62 -68 -44 -75 -37 -39 24 -40 -44 -9 -19 5 -33 87 36 -41 61 49 -49 -11 11 73 -69 -66 39 -76 42 97 32 -70 95 20 -38 -50 -5 -24 11 -81 36 67 10 -83 -79 77 -97 57 -64 14 5 -63 -97 66 60 85 -100 -51 59 -8 -55 -60 22 90 60 34 -61 -45 -91 0 -26 46 -33
34 13 -12 10 -34 96 -4 80 0 -16 33 -84 -57 -32 -84 -58 -74 -42 -12 -33 80 -73 77 13 -33 -69 -27 67 -45 -82 84 89 -19 -78 -51 47 -83 -5 -24 -33 79 -91 -17 73 -73 -51 -86 -47 7 -48 -30 -14 -20 -53 50 -3 -72 -78 -87 -66 91 48 -78 -29 70 -79 68 37 17 -57 54 -55 -98 88 -83 -71 87 83 -67 -56 85 3 -20 -86 0 -71 11 -21 -99 -25 13 92 -78 -15 -88 92 7 80 -22 74
74 82 -82 26 69 87 6 6 19 39 50 -47 92 -71 -32 -58 -41 29 -29 -40 -97 84 -98 -75 -82 -86 67 25 45 -56 -52 -32 -74 -33 94 45 -97 -51 -50 -28 88 50 25 30 80 93 22 89 22 93 99 25 26 -100 1 44 66 -33 -81 10 12 -83 28 -12 -66 21 83 -63 21 84 9 8 33 85 88 12 77 -41 0 -52 -49 -1 24 27 -51 -76 -79 -86 -9 -60 -26 53 -93 -99 -60 -58 -27 74 -21 94
57 39 -49 -11 23 90 52 -51 -52 -99 -2 -50 -50 -79 77 0 -55 98 -36 -14 88 39 -61 96 -10 -71 -63 13 53 -34 6 9 55 8 49 -73 -3 -50 -23 -5 -49 25 45 2 46 -28 52 41 -31 -85 77 -93 4 -85 53 45 96 90 -43 48 -95 14 -93 61 72 56 38 -82 -95 -86 13 -94 -11 -92 8 -66 -20 -91 25 -1 -75 -48 6 -21 -83 -42 -77 -88 98 -19 11 54 45 18 -36 16 -77 -99 34 79
67 97 85 -45 -96 -7 -60 -16 -48 65 84 -23 67 -61 57 85 -52 30 97 96 61 7 49 5 75 -88 71 98 -86 4 76 81 1 61 86 -45 -97 -75 40 -45 41 -27 -17 7 -38 90 -9 10 19 -62 6 -70 45 -46 35 -30 -83 -44 -33 -69 10 94 62 61 4 47 -84 -43 23 6 12 -37 29 45 70 91 34 -39 -49 -97 -1 57 -67 94 61 18 -87 28 74 -69 9 -66 -76 -30 95 28 68 -90 85 -10
-34 -54 53 95 92 -28 86 -25 -17 -64 -72 32 43 -39 -24 -47 30 -11 82 -47 20 -10 -13 44 61 -18 -79 -22 -58 56 18 9 53 -80 3 -6 -8 -12 69 26 -26 98 -43 -84 -92 33 -30 38 73 -49 92 -8 41 -22 87 -49 10 58 -21 53 14 97 -39 -34 67 14 60 -41 -98 -22 85 -74 -75 92 -57 85 25 -37 22 -3 -36 -37 39 55 -8 25 57 -99 -17 -65 54 47 83 65 -88 49 -21 22 58 -69
50 -8 -93 26 -16 -50 10 59 -37 -69 -45 27 -55 94 -18 37 -31 -62 38 2 -77 -58 -52 -95 57 -90 5 86 -18 -38 67 -69 55 75 57 89 -76 -84 47 -62 -52 -99 65 -57 45 -54 80 64 -66 -33 -35 -42 9 -37 -87 -84 -27 -32 -99 55 31 69 37 -65 43 -57 74 17 -40 20 55 -42 -29 20 1 66 16 -70 30 1 -3 45 9 -94 -92 22 -78 -19 91 -77 87 -29 42 -27 -44 -16 -34 -71 52 -24
49 6 34 70 76 85 35 -58 -86 -36 43 12 -91 -49 -32 68 23 -60 99 -37 -87 85 -16 56 -93 -10 90 -26 19 41 0 -83 -53 85 87 73 69 -28 -86 34 36 7 96 -5 8 -37 -38 -69 3 -89 -56 16 46 -21 -29 54 69 -89 78 -62 52 -23 -45 49 -39 93 22 81 -36 -14 14 50 94 9 96 -49 22 -43 -18 -76 -82 -23 -10 65 56 12 18 24 23 -55 62 -26 -28 68 74 -16 10 -5 -36 74
31 28 -27 -26 87 -32 26 -42 -24 58 -68 -6 -66 22 -42 40 -67 26 -86 6 71 26 31 94 -7 4 -23 53 49 -9 -24 -21 69 50 54 5 -83 -21 63 -57 -64 95 38 -79 16 46 61 0 -28 75 56 93 1 -14 86 44 40 -88 -3 -12 3 73 68 -29 22 -29 76 -10 50 38 33 36 -18 -80 57 49 67 -32 -52 89 93 54 81 -57 -60 17 88 80 29 -66 -82 -68 -94 86 3 -21 -94 -71 19 6
17 -99 -59 100 -78 49 48 39 67 46 27 59 -1 -43 -98 -11 74 40 -81 3 74 -63 35 30 73 88 59 29 67 -23 -66 -16 -71 -25 -67 -99 74 81 40 40 -24 -84 -1 75 -27 -49 -86 -53 91 84 50 64 -80 -66 -7 43 72 -98 -29 39 -21 -45 73 -42 30 -95 -41 -46 86 99 94 -39 -86 -58 86 -12 -7 50 -15 -17 33 -66 97 3 -82 -10 96 90 -8 -34 28 21 -29 0 80 -99 5 89 -95 -60
38 99 -49 52 -59 88 90 -16 37 -76 68 -30 -42 64 73 -74 -97 19 -84 -55 85 -6 17 -94 45 -54 -93 100 -66 -88 -60 72 61 -59 -26 52 -72 -87 -64 16 -62 54 86 -54 -33 8 -27 -29 -74 -11 -34 62 33 33 68 -23 79 25 -23 64 -13 -33 -15 98 8 9 50 -13 23 36 -98 11 -11 38 57 56 96 80 77 73 -82 94 34 52 26 -49 -72 -45 26 -45 -82 -88 22 -47 -91 81 63 9 -83 -65
-56 -81 -4 33 7 -98 -61 2 83 -85 -26 -100 -92 58 2 35 -92 -19 40 34 36 8 -4 -92 61 -44 39 -27 15 56 -42 60 25 54 -58 -69 7 -19 33 -11 -53 -93 -61 -95 65 42 40 24 73 -71 -93 -42 37 -46 -34 -2 -40 55 21 75 10 30 34 -66 -17 27 -35 90 58 49 -72 -96 56 -32 -90 -30 60 0 44 32 30 52 40 -34 56 -94 14 -85 61 86 90 -79 15 -26 -45 48 -100 -29 -12 58
-81 16 13 25 34 -27 45 -57 73 -11 25 -48 91 -35 -31 46 -79 83 11 32 18 0 53 -68 74 59 81 24 -71 -82 -68 99 34 -5 23 -82 68 -33 -89 40 6 37 93 -4 52 -39 92 73 94 2 4 12 53 -93 -6 -24 66 -26 -100 45 -8 83 43 77 -23 -35 45 -56 -18 56 34 89 -58 -24 -66 94 -13 77 66 -19 -72 -80 43 81 -73 -64 -43 93 -39 -93 37 3 90 -71 -71 -84 -6 74 -40 76
-20 44 14 22 -80 -1 16 -43 -25 -69 -12 3 -49 -70 -16 -22 -83 -9 -80 -72 -2 7 -19 -63 36 11 -47 80 -66 -37 6 14 -94 -81 87 77 -32 2 -66 43 -17 -28 97 35 3 -70 63 -30 21 34 -2 69 -60 79 -95 27 -61 -42 6 -26 -29 -89 38 -23 82 24 -96 -51 76 89 93 -41 -40 39 44 13 69 6 83 -11 -61 -70 -43 -70 60 -38 57 99 -30 -38 -78 41 -76 61 68 -95 -66 22 -96 -90
10 47 -81 21 -15 63 -67 -47 -32 67 -8 -42 97 49 -12 6 61 -56 -45 -70 -44 -23 21 -70 88 -11 86 -78 61 91 83 -29 37 -99 92 -78 64 75 -75 -69 -9 18 -11 -62 -84 27 44 78 71 99 58 78 -24 -71 -93 -87 -32 94 -65 -72 34 -83 -1 -30 -82 -60 -58 82 66 -82 64 -44 36 -48 -6 52 80 -62 -21 0 87 88 -73 -88 -84 86 -74 -16 29 -39 -38 -38 -71 12 -18 -53 2 25 80 -33
43 43 -26 -72 45 68 30 -26 56 60 25 -7 47 52 5 13 -13 31 47 -85 43 -92 -73 22 20 10 19 -78 85 -2 -61 -23 91 13 5 36 -69 85 60 37 44 -16 -71 -10 87 35 53 -27 -85 -1 -61 8 8 -34 -71 78 26 49 100 10 97 90 87 88 2 -59 23 33 -74 -18 -80 20 17 -51 61 3 34 13 76 0 -88 65 -93 -30 -69 88 -53 57 -14 98 -83 -18 87 -97 -31 -62 96 42 22 72
75 42 -9 -9 91 -99 44 -25 15 -31 75 -23 -66 32 47 -85 19 44 72 -96 41 39 -13 -23 -7 6 16 -12 99 88 -91 73 29 -50 -87 -31 -48 57 44 67 76 18 -57 -91 -50 40 -76 19 -17 47 24 75 -15 61 -49 28 -84 17 -85 -86 4 75 87 83 -75 50 -48 -23 -44 46 94 -68 -86 87 92 -86 26 67 33 59 -37 -94 33 -2 17 35 -74 34 -49 -59 48 6 -84 -15 -12 92 85 -10 -82 -59
-64 -89 -77 -50 48 -86 -36 -77 81 47 82 -57 54 -35 42 -30 100 68 -97 -100 59 2 6 25 87 45 16 71 85 34 62 -80 -5 85 -80 -58 100 -66 -35 30 82 98 74 -15 -38 -35 5 -39 83 9 -89 41 61 -32 -84 47 -88 32 -33 47 -84 80 68 -39 64 38 4 13 73 19 -57 4 16 67 39 78 -69 -57 89 64 2 -100 4 -38 -32 -30 59 -70 53 77 27 69 56 -6 80 19 83 -17 -68 5
53 -75 59 -32 92 -3 97 73 40 85 36 -58 35 90 -46 53 -90 -87 83 63 90 10 -19 45 54 -40 -87 -14 -6 96 91 -54 -80 -1 14 62 96 10 34 -14 -55 -81 28 80 60 82 33 20 45 -35 -18 34 25 63 -72 -71 73 -58 15 -34 -63 -44 12 -42 55 77 -81 1 -64 4 87 -19 -27 -36 -89 83 -55 44 2 91 59 34 -26 -16 -54 3 13 -81 45 78 -65 32 84 -2 90 -11 -26 60 90 -40
-87 76 42 -64 -61 53 70 -66 -54 -79 75 -96 56 100 -62 -99 2 51 71 97 -21 57 28 -88 -46 -32 1 -22 78 -10 38 41 -85 -71 77 -96 32 46 -61 78 18 64 33 -27 63 71 -76 -86 -28 46 -90 1 2 -11 13 6 7 -86 84 -16 -46 -29 75 -30 1 51 -26 83 -53 -37 11 65 -73 -57 88 90 -87 62 -96 -65 7 65 36 59 -97 -51 -36 10 -87 98 44 -33 -31 18 37 20 -81 -89 2 -34
-76 -88 81 -49 -95 18 92 -81 -21 46 -96 37 10 41 -5 -36 40 10 74 53 7 18 -81 26 86 7 -55 -96 -32 -2 -80 -8 -40 -100 44 -34 -32 -15 -65 48 -70 -61 -66 -10 30 -21 54 -31 89 -22 72 -54 46 42 72 31 -52 68 36 -34 -85 56 58 -25 7 -49 41 75 36 76 -28 16 -85 6 57 -5 36 10 15 24 38 -14 20 -17 78 -58 -86 76 -91 0 -59 -76 -45 50 -51 12 -100 91 -13 -13
66 9 53 31 66 9 77 1 70 -9 75 -43 77 -5 41 5 37 5 -20 -4 -96 22 20 -91 -79 19 22 -79 9 59 -42 -75 -83 62 6 83 -80 -18 -67 90 73 -92 -53 0 3 38 -96 90 93 -66 -15 97 56 55 56 27 -27 -73 49 83 86 57 58 54 -32 -37 36 -11 -4 70 -72 -32 28 -75 18 81 63 -28 70 5 7 -46 1 -88 -92 -93 40 -69 -66 -62 64 -80 95 21 24 -87 35 -41 2 -70
79 -20 -52 6 6 67 -14 -82 -62 -95 24 45 -41 75 58 -83 82 -3 100 -84 -15 63 87 -21 -66 10 -58 69 19 44 49 -2 -76 97 54 -20 13 91 -2 2 96 72 97 -95 47 4 73 28 51 72 44 -65 -15 -20 -35 19 90 7 -63 9 -99 86 57 76 32 10 -45 -55 -50 3 -3 97 -25 -7 52 -79 98 24 -1 48 -54 94 84 31 -27 -52 -51 -87 5 -64 22 6 -79 -72 -19 3 -12 36 -2 39
90 95 -15 -36 -12 -64 -65 -65 60 -16 33 56 -23 16 -14 1 14 -15 14 -81 -29 86 25 -8 64 57 46 -49 -58 -57 40 -69 -62 -76 -55 -24 -40 -70 -39 71 15 94 -24 42 -40 63 -58 74 98 6 43 -31 -59 -32 11 -96 75 -44 -44 -84 -50 96 -52 -62 71 -7 -36 81 24 25 51 89 18 -73 30 28 40 73 2 -13 -72 -56 6 -30 -38 -83 -26 -64 -77 -20 -97 -27 -24 -49 11 97 -6 75 77 -83
-1 -22 -95 68 -45 -14 -5 45 -42 47 -69 -64 42 38 6 54 5 31 41 28 -90 44 52 -64 45 -38 -68 -62 88 -91 -94 -64 -63 62 -97 -8 -53 -51 -64 -45 46 -33 -8 -63 55 48 92 -41 -22 32 38 -11 -75 -11 -25 70 1 8 58 -12 -33 64 25 4 -24 -22 46 23 -23 82 29 -77 99 71 -40 54 18 -99 63 97 -17 -50 -65 8 39 -40 -73 -60 68 86 28 85 -1 -98 -62 75 -19 84 -52 58
65 77 31 14 47 42 -83 -86 43 30 61 -74 81 46 -16 -31 -94 -38 9 74 -53 88 9 -4 40 47 -79 -80 -19 -31 29 96 96 -91 9 -8 51 26 6 -56 -94 -83 -80 87 63 4 -45 69 16 15 -7 13 -48 -99 -91 42 -2 -70 13 79 -51 -59 75 95 -100 -67 -14 2 10 42 46 16 59 66 -48 22 -81 7 -60 36 72 33 99 74 -16 -93 16 83 88 -72 11 87 -81 -65 81 -81 -31 -34 21 79
59 -84 -56 17 32 -4 89 2 53 80 -63 25 12 86 -52 97 94 64 29 31 92 -61 18 61 -25 -2 81 -6 15 -49 -28 -27 -82 16 40 50 62 -21 -49 14 -42 -62 -62 70 -76 -13 16 68 -100 95 -2 43 -66 -85 3 -41 -36 -67 53 79 -65 75 -99 -47 -60 41 -98 -99 70 -96 15 -73 -58 4 48 -34 41 -87 84 41 -92 -18 -67 -58 -53 37 -49 11 20 54 -61 55 28 -60 -93 18 32 61 19 1
65 84 29 57 -13 -74 74 78 -61 57 -31 -53 -62 2 -61 -14 89 -10 47 9 -57 87 -87 21 77 72 -62 8 32 7 -91 -54 -9 -12 -98 28 -36 76 6 3 33 75 1 21 -74 40 57 -85 81 4 -26 -77 -60 -13 -5 -84 -42 33 25 40 -60 -16 36 -19 22 -11 -92 86 -86 -36 -12 47 -62 89 -82 -85 -21 25 -70 -41 -72 4 -68 -82 41 27 -65 100 -90 10 -11 -50 44 76 -19 -35 -36 -11 -50 -22
54 -12 76 42 -73 94 57 -44 18 37 15 -3 91 47 -35 32 -76 -50 -19 -66 60 70 -66 -47 45 15 18 59 54 18 -63 -43 57 -88 50 34 56 6 90 -77 94 4 -30 84 -100 36 15 -76 86 96 -92 -4 16 -58 49 -90 7 -83 70 -89 -15 -94 -32 -59 69 -83 75 24 -26 64 -3 -33 -83 68 -100 -82 3 16 93 -62 -39 -99 34 77 94 -67 88 -49 -50 7 -38 35 13 30 27 -69 -2 1 5 22
-85 -99 89 -68 19 89 -50 72 -46 94 -90 16 45 -6 -58 -12 27 80 39 27 -14 51 -88 99 -69 39 -71 29 90 -16 -50 -96 -14 89 88 -96 27 88 77 32 81 37 -53 -25 -70 -61 64 8 -81 2 -66 5 -97 97 4 -66 -15 -17 63 -75 68 63 80 -97 51 67 58 -73 5 -16 59 -15 -80 56 11 -49 96 -26 9 -86 26 -7 19 29 -10 73 63 25 -94 -25 50 24 -63 -20 27 38 -54 -16 16 51
