100
32 9
42 9
50 21
30 6
42 5
42 18
50 1
46 14
38 2
42 1
34 16
48 19
30 6
36 13
42 16
34 7
44 17
32 3
40 19
30 13
44 8
38 10
36 3
46 8
46 6
44 18
46 1
50 5
50 11
32 14
48 20
42 5
32 6
50 24
34 4
32 13
32 1
32 3
50 21
32 15
44 5
38 17
46 10
42 6
30 12
34 9
40 3
34 15
38 19
40 16
34 10
42 10
44 12
48 8
36 6
46 4
36 17
36 17
36 12
48 5
50 9
50 8
32 15
36 16
44 5
34 10
42 20
32 7
30 8
36 9
30 12
46 17
44 4
40 8
36 5
42 10
50 15
38 16
40 18
40 11
32 3
40 20
40 15
36 3
50 9
50 22
42 4
44 3
42 17
34 3
40 2
38 10
30 12
46 21
44 8
32 2
44 2
36 9
50 3
50 7